0 0 1 0 1 1 1 0
10 0 0 0 0 0 0 0
20 0 0 0 0 1 1 1
30 1 0 0 0 1 0 0
40 0 0 0 0 0 1 0
50 1 1 1 1 0 0 1
60 0 1 0 0 0 0 0
70 0 0 0 0 0 0 0
80 1 1 0 0 1 0 0
90 0 0 0 0 0 0 0
100 0 1 0 0 1 0 0
110 1 0 1 0 1 1 0
120 0 1 1 0 1 0 0
130 0 1 0 0 0 1 0
140 1 0 1 0 0 1 0
150 0 0 0 0 0 1 1
160 0 1 0 0 0 1 0
170 0 0 0 0 1 0 0
180 0 1 0 1 1 0 1
190 1 0 0 0 1 1 0
200 1 0 1 0 1 0 0
210 0 0 0 0 1 0 0
220 0 0 0 0 0 0 0
230 0 0 0 0 1 0 0
240 1 1 0 0 0 0 0
250 1 0 0 0 0 1 0
260 0 1 0 0 0 1 0
270 0 1 0 0 0 0 0
280 0 0 0 0 1 0 0
290 1 1 0 0 1 0 0
300 0 1 1 1 1 0 1
310 1 1 0 0 0 0 0
320 0 1 0 1 1 0 0
330 0 0 0 0 0 0 1
340 1 0 0 0 0 0 0
350 0 0 0 0 0 0 0
360 1 0 0 0 1 1 0
370 0 0 0 0 1 0 1
380 0 0 0 1 1 1 1
390 0 0 0 0 0 0 0
400 0 0 0 0 1 1 1
410 0 1 0 1 0 1 1
420 0 0 0 0 0 1 0
430 0 0 0 0 0 1 0
440 0 0 0 0 0 1 1
450 0 0 0 1 0 1 0
460 0 0 0 0 1 0 0
470 0 0 0 0 1 0 0
480 0 0 0 0 1 0 0
490 0 1 0 0 0 0 1
500 0 1 0 0 1 0 0
510 0 0 0 1 1 0 0
520 0 1 0 1 0 0 0
530 0 1 1 0 1 0 0
540 0 0 0 1 1 0 0
550 0 1 0 0 1 1 0
560 0 0 1 1 1 0 0
570 0 1 1 1 0 0 0
580 1 0 0 0 0 0 0
590 0 0 1 0 0 1 0
600 1 0 0 0 1 1 0
610 0 1 1 0 1 0 1
620 0 1 0 1 1 1 1
630 0 1 0 1 0 0 0
640 0 1 0 0 0 0 0
650 1 0 0 1 0 1 0
660 1 0 0 1 0 0 0
670 0 1 0 1 1 0 0
680 0 1 0 0 0 0 0
690 0 0 0 0 0 0 0
700 0 1 0 1 0 0 1
710 1 0 1 0 0 0 0
720 0 1 0 0 1 0 0
730 1 1 1 0 0 0 0
740 1 1 0 0 1 1 0
750 0 0 0 0 0 0 0
760 0 1 1 1 0 1 1
770 0 1 1 1 1 0 0
780 0 1 0 0 0 0 1
790 0 0 0 0 0 0 0
800 0 0 0 0 0 0 1
810 0 1 0 0 1 1 0
820 0 0 1 0 1 0 0
830 0 1 0 1 0 0 0
840 0 0 0 1 0 1 0
850 1 0 0 0 1 0 0
860 0 1 0 0 0 0 0
870 0 1 1 0 0 0 0
880 1 1 0 0 0 0 0
890 1 1 0 0 0 0 0
900 0 1 0 0 0 1 0
910 0 0 0 0 0 0 1
920 0 1 1 0 1 0 0
930 1 0 0 0 1 0 1
940 0 0 0 0 0 0 1
950 0 1 1 0 1 0 0
960 0 1 0 0 0 1 0
970 1 0 1 0 0 0 0
980 0 0 0 1 1 1 0
990 1 0 1 1 1 0 0
